function M = M_RAS_TO_LPH()

M = [-1 0 0 0;
          0 -1 0 0;
          0 0  1 0;
          0 0 0 1];
