# transform file /scratch/users/chrisgor/ICBM2009c_freesurfer/subjects_dir/ICBM2009c_fs6/mri/transforms/cc_up.lta
# created by chrisgor on Wed Oct 26 06:36:38 2016

type      = 0 # LINEAR_VOX_TO_VOX
nxforms   = 1
mean      = 128.0000 144.0000 129.0000
sigma     = 10000.0000
1 4 4
9.999091625213623e-01 6.210801657289267e-03 -1.196878496557474e-02 3.593172132968903e-01 
-6.210356950759888e-03 9.999807476997375e-01 7.433717109961435e-05 1.079048824310303e+01 
1.196901593357325e-02 0.000000000000000e+00 9.999284148216248e-01 -5.282014012336731e-01 
0.000000000000000e+00 0.000000000000000e+00 0.000000000000000e+00 1.000000000000000e+00 
src volume info
valid = 1  # volume info valid
filename = /scratch/users/chrisgor/ICBM2009c_freesurfer/subjects_dir/ICBM2009c_fs6/mri/norm.mgz
volume = 256 256 256
voxelsize = 1.000000000000000e+00 1.000000000000000e+00 1.000000000000000e+00
xras   = -1.000000000000000e+00 0.000000000000000e+00 0.000000000000000e+00
yras   = 0.000000000000000e+00 0.000000000000000e+00 -1.000000000000000e+00
zras   = 0.000000000000000e+00 1.000000000000000e+00 0.000000000000000e+00
cras   = 5.000000000000000e-01 -1.750000000000000e+01 1.850000000000000e+01
dst volume info
valid = 1  # volume info valid
filename = /scratch/users/chrisgor/ICBM2009c_freesurfer/subjects_dir/ICBM2009c_fs6/mri/norm.mgz
volume = 256 256 256
voxelsize = 1.000000000000000e+00 1.000000000000000e+00 1.000000000000000e+00
xras   = -1.000000000000000e+00 0.000000000000000e+00 0.000000000000000e+00
yras   = 0.000000000000000e+00 0.000000000000000e+00 -1.000000000000000e+00
zras   = 0.000000000000000e+00 1.000000000000000e+00 0.000000000000000e+00
cras   = 5.000000000000000e-01 -1.750000000000000e+01 1.850000000000000e+01
