function map = mmil_cmap_redyellow()
%function map = mmil_cmap_redyellow()
%
% Created:  01/25/07 by Don Hagler
% Last Mod: 09/21/12 by Don Hagler
%

map=[...
0	0	0	;
0.04	0	0	;
0.06	0	0	;
0.08	0	0	;
0.1	0	0	;
0.13	0	0	;
0.15	0	0	;
0.17	0	0	;
0.19	0	0	;
0.21	0	0	;
0.23	0	0	;
0.25	0	0	;
0.27	0	0	;
0.29	0	0	;
0.31	0	0	;
0.33	0	0	;
0.35	0	0	;
0.38	0	0	;
0.4	0	0	;
0.42	0	0	;
0.44	0	0	;
0.46	0	0	;
0.48	0	0	;
0.5	0	0	;
0.52	0	0	;
0.54	0	0	;
0.56	0	0	;
0.58	0	0	;
0.6	0	0	;
0.63	0	0	;
0.65	0	0	;
0.67	0	0	;
0.69	0	0	;
0.71	0	0	;
0.73	0	0	;
0.75	0	0	;
0.77	0	0	;
0.79	0	0	;
0.81	0	0	;
0.83	0	0	;
0.85	0	0	;
0.88	0	0	;
0.9	0	0	;
0.92	0	0	;
0.94	0	0	;
0.96	0	0	;
0.98	0	0	;
1	0	0	;
1	0.07	0	;
1	0.13	0	;
1	0.2	0	;
1	0.27	0	;
1	0.33	0	;
1	0.4	0	;
1	0.47	0	;
1	0.53	0	;
1	0.6	0	;
1	0.67	0	;
1	0.73	0	;
1	0.8	0	;
1	0.87	0	;
1	0.93	0	;
1	1	0	];
