function map = mmil_cmap_blueblackred()
%function map = mmil_cmap_blueblackred()
%
% Created:  01/25/07 by Don Hagler
% Last Mod: 09/27/12 by Don Hagler
%

map = [...
         0    1.0000    1.0000;...
         0    0.9540    1.0000;...
         0    0.9080    1.0000;...
         0    0.8620    1.0000;...
         0    0.8160    1.0000;...
         0    0.7700    1.0000;...
         0    0.7240    1.0000;...
         0    0.6780    1.0000;...
         0    0.6320    1.0000;...
         0    0.5860    1.0000;...
         0    0.5400    1.0000;...
         0    0.4940    1.0000;...
         0    0.4587    1.0000;...
         0    0.4234    1.0000;...
         0    0.3881    1.0000;...
         0    0.3529    1.0000;...
         0    0.3176    1.0000;...
         0    0.2823    1.0000;...
         0    0.2470    1.0000;...
         0    0.2117    1.0000;...
         0    0.1764    1.0000;...
         0    0.1411    1.0000;...
         0    0.1059    1.0000;...
         0    0.0706    1.0000;...
         0    0.0353    1.0000;...
         0         0    1.0000;...
         0         0    0.8333;...
         0         0    0.6667;...
         0         0    0.5000;...
         0         0    0.3333;...
         0         0    0.1667;...
         0         0         0;...
         0         0         0;...
    0.1667         0         0;...
    0.3333         0         0;...
    0.5000         0         0;...
    0.6667         0         0;...
    0.8333         0         0;...
    1.0000         0         0;...
    1.0000    0.0361         0;...
    1.0000    0.0723         0;...
    1.0000    0.1084         0;...
    1.0000    0.1446         0;...
    1.0000    0.1807         0;...
    1.0000    0.2169         0;...
    1.0000    0.2530         0;...
    1.0000    0.2891         0;...
    1.0000    0.3253         0;...
    1.0000    0.3614         0;...
    1.0000    0.3976         0;...
    1.0000    0.4337         0;...
    1.0000    0.4699         0;...
    1.0000    0.5060         0;...
    1.0000    0.5509         0;...
    1.0000    0.5958         0;...
    1.0000    0.6407         0;...
    1.0000    0.6856         0;...
    1.0000    0.7305         0;...
    1.0000    0.7755         0;...
    1.0000    0.8204         0;...
    1.0000    0.8653         0;...
    1.0000    0.9102         0;...
    1.0000    0.9551         0;...
    1.0000    1.0000         0;...
];
    
